4243767290,0
4294967294,1423
4294967294,1637
4294967294,2199
4294967294,1509
4294967294,1511
4294967294,1631
4294967294,1919
4294967294,50
4294967294,1431
4294967279,377
4294967279,420
4294967294,5
4294967294,390
4294967294,1490
4294967294,1621
4294967294,1620
4294967294,1513
4294967294,6
4294967294,2210
4294967294,81
4294967294,2189
4294967294,1419
4243767290,3
4243767290,2
4294967294,1426
4294967294,1918
4294967294,1422
4294967294,1420
4294967278,132
4294967278,131
4294967278,130
4294967278,129
4294967278,128
4294967278,127
4294967278,126
4294967278,125
4294967278,124
4294967278,123
4294967278,122
4294967278,121
4294967278,120
4294967278,119
4294967278,118
4294967278,117
4294967278,116
4294967278,115
4294967278,114
4294967278,113
4294967278,112
4294967278,111
4294967278,110
4294967278,109
4294967278,108
4294967278,107
4294967278,106
4294967278,105
4294967278,104
4294967278,103
4294967278,102
4294967278,101
4294967278,100
4294967278,99
4294967278,98
4294967278,97
4294967278,96
4294967278,95
4294967278,94
4294967278,93
4294967278,92
4294967278,91
4294967278,90
4294967278,89
4294967278,87
4294967278,86
4294967278,85
4294967278,84
4294967278,83
4294967278,82
4294967278,81
4294967278,80
4294967278,79
4294967278,78
4294967278,77
4294967278,76
4294967278,75
4294967278,74
4294967278,73
4294967278,72
4294967278,71
4294967278,70
4294967278,69
4294967278,68
4294967278,67
4294967278,66
4294967278,65
4294967278,64
4294967278,63
4294967279,87
4294967279,82
4294967279,80
4294967279,79
4294967279,77
4294967279,75
4294967279,74
4294967279,70
4294967279,66
4294967279,60
4294967279,57
4294967279,50
4294967279,40
4294967279,38
4294967279,35
4294967279,33
4294967279,32
4294967279,31
4294967279,29
4294967279,27
4294967279,23
4294967279,20
4294967279,16
4294967279,14
4294967279,11
4294967279,8
4294967279,7
4294967279,6
4294967279,5
4294967279,4
4294967294,1512
4294967294,0
4294967294,89
4294967294,2558
4294967294,7
4294967294,94
4294967294,93
4294967294,1501
4294967294,1500
13,4
13,3
13,2
13,1
4294967279,280
0,7
4294967294,45
4294967294,1101
4294967294,2931
4294967294,1436
4294967294,1125
4294967294,1435
4294967294,2566
4294967294,1498
4294967294,1496
4294967294,1493
4294967279,259
4294967294,1437
4294967294,1417
4294967294,1591
4294967294,1439
4294967294,24
4294967294,1
4294967294,1425
4294967294,1452
4294967294,1504
4294967294,1482
4294967294,1446
4294967294,1449
4294967294,114
4294967294,1519
4294967294,1433
4294967294,1434
4294967294,1899
4294967294,1441
4294967294,1916
0,5
4294967294,1473
4294967279,258
4294967294,1488
4294967294,1915
4294967294,1472
4294967294,187
4294967294,1917
4294967294,1428
4294967294,1421
4294967294,1216
4294967294,2559
4294967278,387
4294967293,131
4294967293,130
4294967293,129
4294967293,128
4294967293,127
4294967293,126
4294967293,125
4294967293,124
4294967293,123
4294967293,122
4294967293,121
4294967293,120
4294967293,119
4294967293,118
4294967293,117
4294967293,116
4294967293,115
4294967293,114
4294967293,113
4294967293,112
4294967293,111
4294967293,110
4294967293,109
4294967293,108
4294967293,107
4294967293,106
4294967293,105
4294967293,104
4294967293,103
4294967293,102
4294967293,101
4294967293,100
4294967293,99
4294967293,98
4294967293,97
4294967293,96
4294967293,95
4294967293,94
4294967293,93
4294967293,92
4294967293,91
4294967293,90
4294967293,89
4294967293,88
4294967293,87
4294967293,86
4294967293,85
4294967293,84
4294967293,83
4294967293,82
4294967293,81
4294967293,80
4294967293,79
4294967293,78
4294967293,77
4294967293,76
4294967293,75
4294967293,74
4294967293,73
4294967293,72
4294967293,71
4294967293,70
4294967293,69
4294967293,68
4294967293,67
4294967293,66
4294967293,65
4294967293,64
4294967293,63
4294967293,62
4294967293,61
4294967293,60
4294967293,59
4294967293,58
4294967293,57
4294967293,56
4294967293,55
4294967293,54
4294967293,53
4294967293,52
4294967293,51
4294967293,50
4294967293,49
4294967293,48
4294967293,47
4294967293,46
4294967293,45
4294967293,44
4294967293,43
4294967293,42
4294967293,41
4294967293,40
4294967293,39
4294967293,38
4294967293,37
4294967293,36
4294967293,35
4294967293,34
4294967293,33
4294967293,32
4294967293,31
4294967293,30
4294967293,29
4294967293,28
4294967293,27
4294967293,26
4294967293,25
4294967293,24
4294967293,23
4294967293,22
4294967293,21
4294967293,20
4294967293,19
4294967293,18
4294967293,17
4294967293,16
4294967293,15
4294967293,14
4294967293,13
